
Descriptive statistics
============================================
Statistic      N  Mean  St. Dev.  Min   Max 
--------------------------------------------
const         358 -17.3   23.5    -79   43  
serv          214  3.8    19.2    -57   36  
mnfact        358 -7.4    12.6   -49.0 22.0 
retail        358  3.4    13.9    -47   29  
consu         358 -9.4    8.6     -35    8  
esi           358 102.4   11.0   64.1  128.8
FTSE100       358  8.3    0.5     7.1   8.8 
const.p       358  7.0    1.1     4.8   9.0 
finservserv.p 214  6.4    0.4     5.5   7.0 
manfact.p     358  6.6    0.7     5.0   7.6 
retail.p      358  5.8    0.4     4.7   7.1 
serv.p        358  5.8    0.5     4.8   7.2 
servfinan.p   358  6.1    0.6     4.9   7.0 
finan.p       358  6.2    0.6     4.9   7.3 
--------------------------------------------
